   1.0436634e+00   1.4834042e+00
   1.7343897e+00   3.1827094e+00
   1.2029520e+00   1.3052648e+00
   3.3525562e+00   3.3092760e+00
   1.0257404e+00   2.2487543e+00
   1.3973376e+00   1.5078323e+00
   1.5049554e+00   2.3342665e+00
   2.2480089e+00   2.4112054e+00
   2.3264958e+00   1.5019167e+00
   3.0622639e+00   2.3218282e+00
   2.0879727e+00   1.9928549e+00
   2.3869746e+00   2.2032095e+00
   1.6921741e+00   2.0952463e+00
   1.7117194e+00   1.6900295e+00
   1.1439019e+00   1.1159284e+00
   2.2690352e+00   2.1781889e+00
   2.3879759e+00   2.0648088e+00
   1.2746292e+00   1.5612936e+00
   2.1379965e+00   1.9744545e+00
   2.0770112e+00   1.7962365e+00
   1.1326166e+00   1.6331556e+00
   2.1052036e+00   2.5353260e+00
   2.2395465e+00   2.0204044e+00
   1.1660012e+00   2.1537003e+00
   2.1988416e+00   2.1582640e+00
   1.7379771e+00   2.8010655e+00
   1.5380080e+00   2.1600362e+00
   2.4349541e+00   2.7082372e+00
   1.8080082e+00   2.9118705e+00
   1.4737492e+00   1.9849797e+00
  -2.3583088e-01  -1.0519565e+00
  -6.9729962e-01  -3.1520890e-01
  -8.9140670e-01  -1.0667798e+00
  -1.4778456e+00  -1.2602409e+00
  -9.4610538e-02  -7.2025965e-01
  -6.0123305e-01  -1.6885952e+00
  -8.4135615e-01  -1.7128575e-01
  -3.9094299e-01  -9.1375283e-01
  -6.6737472e-01  -6.1348780e-01
  -1.4086311e+00  -1.1277739e+00
  -7.0482840e-01   8.1663258e-01
  -8.2796949e-01  -1.5205890e+00
  -7.5726490e-01  -7.8194455e-01
  -7.9061433e-01  -2.4835737e+00
  -1.2917052e+00  -2.4185790e-02
  -4.4423177e-01  -1.7737918e+00
  -4.0071439e-01  -1.1542341e+00
  -1.6980434e+00  -1.3053315e+00
  -9.0481131e-01  -8.2267512e-01
  -6.2686935e-01  -1.4046410e+00
  -1.5990838e-01  -8.1857945e-01
  -6.3493741e-01  -1.2409586e+00
  -2.0437064e+00  -1.3560192e+00
  -4.9729796e-01  -1.8715819e+00
  -8.2311713e-01  -1.1105934e+00
  -3.4982113e-01   6.7381819e-03
  -1.0173416e+00  -5.3834540e-01
  -1.1800490e+00  -9.5322993e-01
  -1.4986465e+00  -9.5464032e-01
  -1.3277120e+00  -8.0453913e-01
  -1.6486578e+00  -8.1093932e-01
  -1.6796125e+00  -1.9656696e+00
  -1.3832169e+00  -1.4200482e+00
  -1.0477998e+00   7.4320615e-01
  -1.3089435e+00  -1.3128867e+00
  -6.4950909e-01  -6.6179648e-01
  -4.6715080e-01  -1.6537713e+00
  -1.3595845e+00  -9.1798681e-01
  -1.6385395e+00  -4.1200101e-01
  -1.5009381e+00  -1.2620660e+00
   5.4866407e-01  -9.7654292e-01
   1.1536278e+00  -8.0492099e-01
   5.3105326e-01  -7.8111200e-01
   3.9850850e-01  -1.1995797e+00
   8.1094996e-01  -1.2681281e+00
   6.7726332e-01  -1.6787834e+00
   1.3790963e+00  -1.0417566e+00
   5.6071021e-01  -1.1372206e+00
   1.7101101e+00  -7.6744388e-01
   8.4204998e-02  -1.2836417e+00
   1.0045170e+00  -9.4226310e-01
   1.4977156e+00  -2.0924670e+00
   8.5443400e-01  -1.1392495e+00
   6.9016886e-01  -1.0324712e+00
   2.4806279e-01  -1.2987980e+00
   7.0737679e-01  -8.2063642e-01
   2.0358014e+00  -1.6916294e+00
   6.7434149e-01  -1.5400901e+00
   1.2275239e+00  -1.5338334e+00
   6.2371977e-01  -1.3400830e+00
   1.6806769e+00  -4.2513791e-01
   8.0250475e-01  -7.7794774e-01
   9.5325549e-01  -4.0946150e-01
   1.3002050e+00  -1.8651288e+00
   8.0779402e-01  -9.4052640e-01
   3.0332315e-01  -9.8667605e-02
   1.4195426e+00  -7.6905714e-01
   6.4765187e-01  -4.9365955e-01
   1.2750931e+00  -1.8074274e+00
   1.8396269e+00  -7.9511430e-01
